0 FILE ViperMain.ldr
0 The Viper
0 Name: ViperMain.ldr
0 Author: Thomas Dickerson
1 1 -10 0 -280 0 0 1 0 1 0 -1 0 0 30414.dat
1 1 10 0 -280 0 0 -1 0 1 0 1 0 0 30414.dat
1 1 10 0 -330 -0 0 -1 -0 1 0 1 0 -0 87087.dat
1 1 -10 0 -330 0 0 1 0 1 0 -1 0 0 87087.dat
1 1 -10 40 -340 0 0 1 0 1 0 -1 0 0 30414.dat
1 1 10 40 -340 0 0 -1 0 1 0 1 0 0 30414.dat
1 1 -10 40 -280 -0 0 1 -0 1 0 -1 -0 -0 11211.dat
1 1 10 40 -280 0 0 -1 0 1 0 1 0 0 11211.dat
1 1 0 32 -320 -0 0 -1 -0 1 0 1 0 -0 3020.dat
1 1 0 32 -250 -0 0 -1 -0 1 0 1 0 -0 3021.dat
1 1 0 24 -280 -0 0 -1 -0 1 0 1 0 -0 3795.dat
1 1 0 40 -240 -0 0 -1 -0 1 0 1 0 -0 3003.dat
1 1 0 16 -370 1 0 -0 0 1 0 0 0 1 3004.dat
1 1 0 8 -350 1 0 -0 0 1 0 0 0 1 3004.dat
1 1 0 8 -370 1 0 -0 0 1 0 0 0 1 44728.dat
1 4 0 0 -380 0 0 1 0 1 0 -1 0 0 87079.dat
1 4 0 -8 -280 0 0 1 0 1 0 -1 0 0 87079.dat
1 15 0 -8 -360 0 0 1 0 1 0 -1 0 0 87079.dat
1 1 0 0 -230 1 0 -0 0 1 0 0 0 1 3004.dat
1 1 0 64 -180 0 0 1 0 1 0 -1 0 0 4282.dat
1 15 0 72 -220 0 0 1 0 1 0 -1 0 0 4282.dat
1 15 20 0 -50 -1 -0 -0 -0 1 -0 0 -0 -1 43723.dat
1 15 -20 0 -50 -1 -0 -0 -0 1 -0 0 -0 -1 43722.dat
1 15 0 8 -70 -1 -0 -0 -0 1 -0 0 -0 -1 3039pc6.dat
1 72 0 24 -30 -1 -0 -0 -0 1 -0 0 -0 -1 3794b.dat
1 71 0 16 -30 -1 -0 -0 -0 1 -0 0 -0 -1 4592.dat
1 0 0 16 -30 -1 -0 -0 0 0.258819 -0.965926 0 -0.965926 -0.258819 4593.dat
1 71 30 24 0 0 -0 -1 -0 1 -0 1 0 0 3069bpc3.dat
1 0 -30 24 0 0 0 1 0 1 -0 -1 0 0 3069bps6.dat
1 71 30 32 0 -0 -0 -1 -0 1 -0 1 -0 -0 99207.dat
1 71 30 32 40 -0 -0 -1 -0 1 -0 1 -0 -0 99207.dat
1 71 -30 32 40 0 0 1 0 1 -0 -1 0 0 99207.dat
1 71 -30 32 0 0 0 1 0 1 -0 -1 0 0 99207.dat
1 15 20 -8 -200 1 0 0 -0 1 -0 -0 0 1 41770.dat
1 15 -20 -8 -200 1 0 0 -0 1 -0 -0 0 1 41769.dat
1 15 20 80 -120 1 0 0 -0 1 -0 -0 0 1 41770.dat
1 15 -20 80 -120 1 0 0 -0 1 -0 -0 0 1 41769.dat
1 15 0 80 -40 -0 0 1 -0 1 -0 -1 -0 -0 4854.dat
1 15 0 80 80 -0 0 1 -0 1 -0 -1 -0 -0 4854.dat
1 15 0 80 180 -0 -0 1 -0 1 0 -1 0 -0 4871.dat
1 15 0 80 20 -0 -0 1 -0 1 0 -1 0 -0 4871.dat
1 40 0 -40 70 1 -0 0 0 1 -0 -0 0 1 30372ps0.dat
1 71 30 32 -40 -0 -0 -1 -0 1 -0 1 -0 -0 99207.dat
1 71 -30 32 -40 0 0 1 0 1 -0 -1 0 0 99207.dat
1 15 30 72 0 -0 -0 -1 -0 1 -0 1 -0 -0 99207.dat
1 15 30 72 40 -0 -0 -1 -0 1 -0 1 -0 -0 99207.dat
1 15 -30 72 40 0 0 1 0 1 -0 -1 0 0 99207.dat
1 15 -30 72 0 0 0 1 0 1 -0 -1 0 0 99207.dat
1 15 30 72 -40 -0 -0 -1 -0 1 -0 1 -0 -0 99207.dat
1 15 -30 72 -40 0 0 1 0 1 -0 -1 0 0 99207.dat
1 74 0 48 -20 1 0 0 0 1 0 -0 0 1 Apollo.ldr
1 1 0 32 -130 -0 0 -1 -0 1 0 1 0 -0 3021.dat
1 0 0 -16 70 1 -0 0 0 1 0 -0 -0 1 2432.dat
1 0 0 24 50 1 -0 0 0 1 0 -0 -0 1 3039.dat
1 0 0 24 50 1 -0 0 0 1 0 -0 -0 1 85984.dat
1 0 0 48 40 -0 0 -1 -0 1 0 1 0 -0 3020.dat
1 15 20 0 -240 0 -1 0 1 0 0 0 0 1 rightfrontpanel.ldr
1 15 -20 0 -240 0 1 0 -1 0 0 0 0 1 leftfrontpanel.ldr
1 15 44 20 -60 -0 -1 -0 -0 -0 1 -1 0 0 88930.dat
1 15 44 20 20 -0 -1 -0 -0 -0 1 -1 0 0 88930.dat
1 15 44 60 20 -0 -1 -0 0 0 -1 1 -0 0 88930.dat
1 15 44 60 -40 -0 -1 -0 -0 0 -1 1 -0 -0 15068.dat
1 15 52 50 -40 -0 -1 -0 -0 0 -1 1 -0 -0 3023.dat
1 15 -44 20 20 0 1 0 0 -0 1 1 -0 -0 88930.dat
1 15 -44 20 -60 0 1 0 0 -0 1 1 -0 -0 88930.dat
1 15 -52 50 -40 0 1 0 0 0 -1 -1 0 0 3023.dat
1 15 -44 60 -40 0 1 0 0 0 -1 -1 0 0 15068.dat
1 15 -44 60 20 0 1 0 0 0 -1 -1 0 0 88930.dat
1 15 30 0 -70 0 -0.997564 0.069756 1 0 0 0 0.069756 0.997564 rightmidpanel.ldr
1 15 -30 0 -70 0 0.997564 -0.069756 -1 0 0 0 0.069756 0.997564 leftmidpanel.ldr
1 72 30 16 -50 1 0 0 0 1 0 -0 0 1 4085a.dat
1 72 30 56 -50 1 0 0 0 1 0 -0 0 1 4085a.dat
1 72 30 8 -50 1 0 0 0 1 0 -0 0 1 4085a.dat
1 72 -30 16 -50 1 0 0 0 1 0 -0 0 1 4085a.dat
1 72 -30 56 -50 1 0 0 0 1 0 -0 0 1 4085a.dat
1 72 -30 8 -50 1 0 0 0 1 0 -0 0 1 4085a.dat
0 SYNTH BEGIN RUBBER_BAND 15
0 SYNTH SHOW
1 71 22.926786 40 -199.822845 0 -0.997564 -0.069756 -1 0 0 0 0.069756 -0.997564 4488.dat
1 71 -22.926786 40 -199.822845 0 0.997564 -0.069756 -1 0 0 0 0.069756 0.997564 4488.dat
0 SYNTH END

1 1 0 40 -160 1 0 0 0 1 0 -0 0 1 3941.dat
1 1 0 8 -160 1 0 0 0 1 0 -0 0 1 3941.dat
1 1 0 64 -360 1 0 0 0 1 0 0 0 1 3022.dat
1 1 10 32 -170 1 0 0 0 1 0 0 0 1 25269.dat
1 1 -10 32 -170 0 0 1 0 1 0 -1 0 0 25269.dat
1 0 0 32 -60 -0 0 -1 -0 1 0 1 0 -0 3020.dat
1 0 0 88 -40 -0 0 -1 -0 1 0 1 0 -0 3020.dat
1 1 0 72 30 -0 0 -1 -0 1 0 1 0 -0 3002.dat
1 0 0 80 -40 -0 0 -1 -0 1 0 1 0 -0 3020.dat
1 1 0 72 -30 -0 0 -1 -0 1 0 1 0 -0 3021.dat
1 1 -20 64 30 -0 0 -1 -0 1 0 1 0 -0 3021.dat
1 1 20 64 30 -0 0 -1 -0 1 0 1 0 -0 3021.dat
1 1 30 64 -50 -0 0 -1 -0 1 0 1 0 -0 3024.dat
1 1 -30 64 -50 -0 0 -1 -0 1 0 1 0 -0 3024.dat
1 1 30 64 -10 -1 0 0 0 1 0 -0 0 -1 2420.dat
1 1 -30 64 -10 0 0 1 0 1 0 -1 0 0 2420.dat
1 1 0 8 -110 -0 0 -1 -0 1 0 1 0 -0 3002.dat
1 71 0 56 20 -0 0 -1 -0 1 0 1 0 -0 3031.dat
1 0 0 48 -10 1 0 -0 0 1 0 0 0 1 2412b.dat
1 1 0 40 -80 -0 0 -1 -0 1 0 1 0 -0 2456.dat
1 1 30 56 -30 -0 0 -1 -0 1 0 1 0 -0 3024.dat
1 1 -30 56 -30 -0 0 -1 -0 1 0 1 0 -0 3024.dat
1 15 30 8 70 1 0 0 0 1 0 -0 0 1 3040b.dat
1 15 -30 8 70 1 0 0 0 1 0 -0 0 1 3040b.dat
1 71 -30 24 30 -0 0 1 0 1 0 -1 0 -0 3070bp07.dat
1 71 30 24 30 -0 0 1 0 1 0 -1 0 -0 3070bp07.dat
1 72 30 24 -50 -0 0 -1 -0 1 0 1 0 -0 3024.dat
1 72 -30 24 -50 -0 0 -1 -0 1 0 1 0 -0 3024.dat
1 72 30 48 0 -0 0 1 -0 1 0 -1 -0 -0 3666.dat
1 72 30 40 0 -0 0 1 -0 1 0 -1 -0 -0 3666.dat
1 72 -30 48 0 -0 0 1 -0 1 0 -1 -0 -0 3666.dat
1 72 -30 40 0 -0 0 1 -0 1 0 -1 -0 -0 3666.dat
1 72 -30 8 -30 -0 0 1 -0 1 0 -1 -0 -0 3062b.dat
1 72 30 8 -30 -0 0 1 -0 1 0 -1 -0 -0 3062b.dat
1 4 0 8 -384 1 0 0 0 0 -1 0 1 0 nosepiece.ldr
1 15 0 80 -370 1 0 0 0 1 0 -0 0 1 99207.dat
1 15 0 80 -260 -0 0 1 0 1 0 -1 0 -0 3832.dat
1 15 20 -8 -100 -0 0 1 -0 1 0 -1 -0 -0 33909.dat
1 15 20 -8 -140 -0 0 1 -0 1 0 -1 -0 -0 33909.dat
1 15 -20 -8 -140 0 0 -1 0 1 0 1 0 0 33909.dat
1 15 -20 -8 -100 0 0 -1 0 1 0 1 0 0 33909.dat
1 15 0 0 -140 -0 0 -1 -0 1 0 1 0 -0 3020.dat
1 15 0 0 -90 1 0 -0 0 1 0 0 0 1 3023.dat
1 4 -10 -16 -160 -0 0 1 -0 1 0 -1 -0 -0 4162.dat
1 4 10 -16 -160 -0 0 1 -0 1 0 -1 -0 -0 4162.dat
0 NOFILE
0 FILE Apollo.ldr
0 Apollo
0 Name: Apollo.ldr
0 Author: Thomas Dickerson
1 74 0 -9 28 1 0 0 0 -0 1 0 -1 -0 3817.DAT
1 74 0 -9 28 1 0 0 0 -0 1 0 -1 -0 3816.DAT
1 74 0 -9 28 1 0 0 0 0.766044 0.642788 0 -0.642788 0.766044 ApolloTop.ldr
0 NOFILE
0 FILE ApolloTop.ldr
0 Apollo's torso + up
0 Name: ApolloTop.ldr
0 Author: Thomas Dickerson
1 72 0 -68 0 1 0 0 0 1 0 0 0 1 2446.DAT
1 14 0 -68 0 1 0 0 0 1 0 0 0 1 3626BPC44.DAT
1 74 0 -44 0 1 0 0 0 1 0 0 0 1 973PAV.DAT
1 74 15.4 -36 0 0.985435 0.1684 0.023667 -0.170055 0.975844 0.137146 0 -0.139173 0.990268 3819.DAT
1 0 23.290096 -19.680689 -12.546969 0.993244 -0.054713 -0.102341 -0.016763 0.804992 -0.593049 0.114832 0.590758 0.798635 3820.DAT
1 74 -15.4 -36 0 0.985435 -0.1684 -0.023667 0.170055 0.975844 0.137146 0 -0.139173 0.990268 3818.DAT
1 0 -23.290096 -19.680689 -12.546969 0.969848 -0.221181 0.102341 0.237999 0.769187 -0.593049 0.052452 0.599525 0.798635 3820.DAT
1 74 0 -12 0 1 0 0 0 1 0 0 0 1 3815.DAT
0 NOFILE
0 FILE rightfrontpanel.ldr
0 the right front panel
0 Name: rightfrontpanel.ldr
0 Author: Thomas Dickerson
1 15 40 -8 -60 -0 0 -1 -0 1 0 1 0 -0 3032.dat
1 15 50 -8 -140 -0 0 -1 -0 1 0 1 0 -0 43722.dat
1 15 70 -8 -110 -0 0 -1 -0 1 0 1 0 -0 54200.dat
1 15 30 -8 -130 1 0 0 0 1 0 -0 0 1 54200.dat
1 15 50 -8 -120 1 0 0 0 1 0 -0 0 1 11477.dat
1 15 10 0 -140 1 0 0 0 1 0 -0 0 1 11477.dat
1 15 20 -8 -110 -0 0 1 -0 1 0 -1 -0 -0 11477.dat
1 15 60 -8 -60 -0 0 -1 -0 1 0 1 0 -0 88930.dat
1 15 20 -8 -60 -0 0 1 -0 1 0 -1 -0 -0 88930.dat
1 15 40 -16 -110 -1 -0 0 -0 1 -0 0 -0 -1 3023.dat
1 15 40 -16 -10 -1 -0 0 -0 1 -0 0 -0 -1 3023.dat
1 15 10 -8 -130 -0 0 -1 -0 1 0 1 0 -0 3024.dat
1 15 40 -8 -10 -0 0 -1 -0 1 0 1 0 -0 93273.dat
0 NOFILE
0 FILE leftfrontpanel.ldr
0 the left front panel
0 Name: leftfrontpanel.ldr
0 Author: Thomas Dickerson
1 15 -40 -8 -60 -0 0 1 -0 1 0 -1 -0 -0 3032.dat
1 15 -70 -8 -110 -0 0 1 -0 1 0 -1 -0 -0 54200.dat
1 15 -30 -8 -130 1 0 0 0 1 0 -0 0 1 54200.dat
1 15 -50 -8 -120 1 0 0 0 1 0 -0 0 1 11477.dat
1 15 -10 0 -140 1 0 0 0 1 0 -0 0 1 11477.dat
1 15 -20 -8 -110 -0 0 -1 -0 1 0 1 0 -0 11477.dat
1 15 -60 -8 -60 -0 0 1 -0 1 0 -1 -0 -0 88930.dat
1 15 -20 -8 -60 -0 0 -1 -0 1 0 1 0 -0 88930.dat
1 15 -40 -16 -10 1 0 0 0 1 0 -0 0 1 3023.dat
1 15 -40 -16 -110 1 0 0 0 1 0 -0 0 1 3023.dat
1 15 -10 -8 -130 -0 0 1 -0 1 0 -1 -0 -0 3024.dat
1 15 -50 -8 -140 -0 0 1 -0 1 0 -1 -0 -0 43723.dat
1 15 -40 -8 -10 -0 0 -1 -0 1 0 1 0 -0 93273.dat
0 NOFILE
0 FILE rightmidpanel.ldr
0 the right mid panel
0 Name: rightmidpanel.ldr
0 Author: Thomas Dickerson
1 72 40 -10 -90 -0 0 -1 -0 1 0 1 0 -0 3035.dat
1 15 60 -10 -110 -0 0 -1 -0 1 0 1 0 -0 88930.dat
1 15 40 -18 -160 -1 -0 0 -0 1 -0 0 -0 -1 3023.dat
1 15 40 -10 -160 -0 0 -1 -0 1 0 1 0 -0 93273.dat
1 15 60 -10 -10 -0 0 -1 -0 1 0 1 0 -0 15068.dat
1 15 70 -10 -50 -0 0 -1 -0 1 0 1 0 -0 85984.dat
1 15 10 -10 -130 0 0 1 0 1 0 -1 0 0 85984.dat
1 15 10 -10 -90 0 0 1 0 1 0 -1 0 0 85984.dat
1 15 10 -10 -50 0 0 1 0 1 0 -1 0 0 85984.dat
1 71 30 -18 -140 1 0 0 0 1 0 -0 0 1 6141.dat
1 71 30 -18 -120 1 0 0 0 1 0 -0 0 1 12825.dat
1 71 30 -18 -80 1 0 0 0 1 0 -0 0 1 12825.dat
1 71 40 -18 -60 1 0 0 0 1 0 -0 0 1 2412b.dat
1 71 40 -18 -40 1 0 0 0 1 0 -0 0 1 2412b.dat
1 71 30 -24 -98 0.707107 0 -0.707107 0.707107 0 0.707107 0 -1 0 577b.dat
1 71 42 -24 -65 0 1 0 -1 0 0 0 0 1 60849.dat
1 15 50 -18 -10 0 0 -1 0 1 0 1 0 0 3023.dat
1 0 30 -2 -20 -1 -0 0 -0 1 -0 0 -0 -1 4081a.dat
1 0 50 -2 -20 -1 -0 0 -0 1 -0 0 -0 -1 4081a.dat
1 71 70 0 0 0 -1 0 -1 -0 0 0 -0 -1 87994.dat
0 NOFILE
0 FILE leftmidpanel.ldr
0 the left mid panel
0 Name: leftmidpanel.ldr
0 Author: Thomas Dickerson
1 72 -40 -10 -90 -0 0 -1 -0 1 0 1 0 -0 3035.dat
1 15 -60 -10 -110 0 0 1 0 1 0 -1 0 0 88930.dat
1 15 -40 -18 -160 -1 -0 0 -0 1 -0 0 -0 -1 3023.dat
1 15 -40 -10 -160 -0 0 -1 -0 1 0 1 0 -0 93273.dat
1 15 -60 -10 -10 0 0 1 0 1 0 -1 0 0 15068.dat
1 15 -10 -10 -130 -0 0 -1 -0 1 0 1 0 -0 85984.dat
1 15 -70 -10 -50 0 0 1 0 1 0 -1 0 0 85984.dat
1 15 -10 -10 -90 0 0 -1 0 1 0 1 0 0 85984.dat
1 15 -10 -10 -50 0 0 -1 0 1 0 1 0 0 85984.dat
1 71 -30 -18 -140 1 0 0 0 1 0 -0 0 1 6141.dat
1 71 -30 -18 -120 1 0 0 0 1 0 -0 0 1 12825.dat
1 71 -30 -18 -80 1 0 0 0 1 0 -0 0 1 12825.dat
1 71 -40 -18 -60 1 0 0 0 1 0 -0 0 1 2412b.dat
1 71 -40 -18 -40 1 0 0 0 1 0 -0 0 1 2412b.dat
1 71 -30 -24 -98 0.707107 0 -0.707107 0.707107 0 0.707107 0 -1 0 577b.dat
1 71 -42 -24 -65 0 -1 0 1 0 0 0 0 1 60849.dat
1 15 -50 -18 -10 0 0 -1 0 1 0 1 0 0 3023.dat
1 0 -50 -2 -20 -1 -0 0 -0 1 -0 0 -0 -1 4081a.dat
1 0 -30 -2 -20 -1 -0 0 -0 1 -0 0 -0 -1 4081a.dat
1 71 -10 0 0 0 -1 0 -1 -0 0 0 -0 -1 87994.dat
0 NOFILE
0 FILE nosepiece.ldr
0 the very front of the viper
0 Name: nosepiece.ldr
0 Author: Thomas Dickerson
1 4 0 -8 -30 -0 0 1 -0 1 0 -1 -0 -0 3021.dat
1 4 0 -24 -40 1 0 0 0 1 0 -0 0 1 47755.dat
1 4 0 -32 -10 -1 0 -0 0 1 0 0 0 -1 3069b.dat
1 72 0 -16 -10 -1 -0 -0 -0 1 -0 0 -0 -1 3023.dat
1 72 -10 -8 -40 1 0 0 -0 1 -0 -0 0 1 61409.dat
1 72 10 -8 -40 1 0 0 -0 1 -0 -0 0 1 61409.dat
1 4 0 -8 -70 1 0 0 -0 1 -0 -0 0 1 85984.dat
0 NOFILE